var2=1
var3=1.230000
var3=1.230000
chr=A
string=Hello
